1191019	100
1191020	466
1191021	1509
1191022	2666
1191023	85
1191024	46
1191025	281
1191026	1753
1191027	1206
1191029	25
1191032	8432
1191033	1005
1191034	408
1191035	10000
1191036	100
1191168	905
1191170	3000
1191171	11
1191173	1142
1191174	1501
1191175	227
1191176	3372
1191177	4395
1191198	153
1191199	10000
1191200	100
1191201	202
1191204	5000
1191205	1032
1191206	18
1191207	8969
1191210	1844
1191212	0.75
1191213	393
1191214	511
1191215	10000
1191216	1
1191217	35
1191220	45
1191221	20000
1191222	34
1191223	1232
1191224	84
1191225	20
1191226	329
1191227	129
1191228	6
1191229	30
1191230	67
1191232	2000
1191234	12
1191235	1290
1191237	824
1191238	78
1191239	424
1191240	2000
1191241	2000
1191242	2000
1191243	30
1191244	22
1191245	126
1191250	1
1191252	24
1191255	526
1191256	40
1191257	2000
1191258	332
1191260	100
1191261	40
1191262	2000
1191263	500
1191264	2000
1191265	1014
1191267	2000
1191268	138
1191269	218
1191270	82
1191271	1024
1191272	2000
1191273	2000
1191274	824
1191276	2000
1191280	904
1191281	392
1191282	520
1191284	499
1191286	236
1191292	2000
1191293	2000
1191294	2000
1191295	2000
1191296	2000
1191297	2000
1191298	2000
1191299	2000
1191300	2000
1191302	1242
1191303	2000
1191304	832
1191305	306
1191310	784
1191311	325.3
1191312	80
1191313	82
1191314	38
1191316	152
1191317	4267
1191318	2000
1191319	2000
1191320	2000
1191321	2000
1191322	2000
1191323	2000
1191324	2000
1191325	2000
1191326	2000
1191327	2000
1191328	2000
1191329	2000
1191330	2000
1191332	2517
1191333	1932
1191336	805
1191337	199
1191338	1137
1191339	3000
1191340	2132
1191341	1088
1191352	32
1191354	434
1191356	434
1191359	775
1191360	4037
1191361	2480.8
1191363	9
1191365	1580
1191368	858
1191370	831
1191371	2030
1191373	4
1191375	102
1191377	5000
1191386	1344
1191387	5000
1191388	5000
1191391	46
1191392	5
1191393	839
1191394	4143
1191395	1.75
1191396	5830
1191402	108
1191403	3044
1191404	1645
1191405	1509
1191406	1759.7
1191407	2290
1191409	243
1191410	374
1191412	549.8
1191413	540
1191414	286
1191415	0.3
1191417	1496
1191418	2504
1191419	164
1191421	245
1191422	6199
1191424	161
1191425	8
1191426	49
1191427	2054
1191428	2393
1191430	5000
1191431	103
1191432	678
1191433	2171
1191435	504
1191436	39
1191438	2184
1191439	28
1191440	152
1191441	121
1191442	3000
1191443	100
1191444	3000
1191445	320
1191446	3000
1191447	39
1191448	259
1191451	300
1191452	264
1191455	141
1191456	1000
1191457	799.7
1191458	264
1191460	20000
1191461	411
1191462	6105
1191463	457
1191464	83
1191465	15
1191484	20
1191486	4156
1191487	2889
1191491	1
1191495	169
1191497	141
1191498	238
1191499	743
1191501	127
1191505	332
1191510	12
1191511	37
1191512	82
1191519	54
1191520	21
1191523	7
1191526	1115
1191528	515
1191529	11
1191530	798
1191533	30
1191534	2000
1191535	119
1191536	2000
1191537	2000
1191539	26
1191540	74
1191541	8
1191542	37
1191545	1129
1191546	88
1191549	378
1191551	21
1191553	2000
1191554	20
1191558	1530
1191560	142
1191561	2646
1191562	143
1191564	14
1191565	561
1191572	3298
1191574	1546
1191575	7
1191576	39
1191577	416
1191579	122
1191581	1393
1191582	49
1191583	149
1191584	659
1191585	5000
1191586	8807
1191587	2000
1191589	10
1191596	10
1191598	1000
1191602	1127
1191616	10000
1191617	2402
1587713	5000
1587719	5000